223.0,204.0,3.611276626586914
224.0,204.0,3.6183078289031982
225.0,205.0,3.626278877258301
226.0,205.0,3.6342761516571045
226.0,207.0,3.657271385192871
228.0,209.0,3.659270763397217
228.0,209.0,3.659270763397217
228.0,210.0,3.6662697792053223
229.0,210.0,3.6742711067199707
229.0,211.0,3.6822986602783203
230.0,212.0,3.706271171569824
231.0,213.0,4.306354761123657
231.0,213.0,4.314224720001221
233.0,215.0,4.322283983230591
233.0,216.0,4.330280780792236
234.0,217.0,4.338283061981201
234.0,219.0,4.34623122215271
234.0,220.0,4.355221509933472
235.0,220.0,4.371216058731079
236.0,222.0,4.771183252334595
238.0,223.0,4.786355018615723
238.0,224.0,4.7942986488342285
240.0,224.0,4.802356243133545
240.0,225.0,4.818429231643677
241.0,226.0,4.834521293640137
241.0,226.0,5.178603172302246
241.0,229.0,5.186519145965576
243.0,231.0,5.194584608078003
243.0,235.0,5.202604293823242
244.0,238.0,5.210613012313843
244.0,240.0,5.218595504760742
244.0,242.0,5.226607322692871
244.0,244.0,5.234643220901489
244.0,244.0,5.24260687828064
244.0,245.0,5.250607252120972
244.0,245.0,5.6026246547698975
243.0,245.0,5.610564470291138
242.0,245.0,5.61856746673584
239.0,245.0,5.626558542251587
237.0,245.0,5.6346142292022705
234.0,244.0,5.642557382583618
233.0,243.0,5.6505982875823975
229.0,242.0,5.658563137054443
226.0,240.0,5.666619062423706
224.0,240.0,5.674556732177734
221.0,239.0,5.682603120803833
218.0,236.0,5.6905553340911865
216.0,236.0,5.6987388134002686
215.0,235.0,5.706739187240601
214.0,235.0,5.714738607406616
213.0,235.0,5.7227394580841064
212.0,234.0,5.730738639831543
212.0,234.0,5.906683921813965
213.0,234.0,5.914686679840088
213.0,234.0,5.92263126373291
214.0,234.0,5.938621759414673
214.0,234.0,5.9547131061553955
215.0,234.0,5.962712526321411
216.0,234.0,5.978713512420654
217.0,234.0,6.002713680267334
217.0,234.0,6.018712520599365
218.0,234.0,6.065964221954346
220.0,234.0,6.073913097381592
220.0,233.0,6.082903861999512
221.0,231.0,6.089902639389038
222.0,228.0,6.098904132843018
222.0,228.0,6.1059043407440186
223.0,227.0,6.113911867141724
224.0,227.0,6.121936082839966
225.0,225.0,6.129968166351318
225.0,225.0,6.137904405593872
227.0,225.0,6.145903825759888
228.0,225.0,6.15390682220459
230.0,225.0,6.161972999572754
232.0,225.0,6.170903444290161
235.0,225.0,6.177912473678589
237.0,225.0,6.186014175415039
240.0,225.0,6.194140195846558
244.0,225.0,6.202002763748169
247.0,225.0,6.210002899169922
249.0,226.0,6.2190797328948975
252.0,227.0,6.227081775665283
254.0,227.0,6.235072612762451
255.0,227.0,6.242110252380371
257.0,227.0,6.250073194503784
258.0,227.0,6.258065700531006
259.0,227.0,6.266237258911133
261.0,227.0,6.274176597595215
262.0,227.0,6.28223729133606
264.0,227.0,6.2901694774627686
264.0,227.0,6.298341512680054
266.0,227.0,6.306296348571777
268.0,227.0,6.314484119415283
268.0,227.0,6.330706596374512
269.0,227.0,6.338706016540527
271.0,226.0,6.346704721450806
271.0,226.0,6.362706899642944
273.0,226.0,6.370712757110596
273.0,225.0,6.3948140144348145
274.0,224.0,6.418142318725586
274.0,224.0,6.426011085510254
273.0,225.0,6.634376764297485
271.0,227.0,6.642332315444946
268.0,231.0,6.650387525558472
265.0,232.0,6.658322095870972
260.0,234.0,6.666446685791016
258.0,236.0,6.6744396686553955
254.0,238.0,6.68333625793457
251.0,241.0,6.6903815269470215
246.0,243.0,6.698323488235474
244.0,244.0,6.706331968307495
241.0,245.0,6.714447498321533
238.0,245.0,6.722318887710571
235.0,246.0,6.73038911819458
230.0,248.0,6.738333463668823
229.0,248.0,6.746382713317871
227.0,249.0,6.75442099571228
223.0,250.0,6.762550354003906
221.0,250.0,6.77042031288147
218.0,252.0,6.778550863265991
218.0,252.0,6.7864837646484375
216.0,252.0,6.794548273086548
216.0,252.0,6.802534580230713
215.0,252.0,6.810588598251343
215.0,252.0,6.882068634033203
214.0,252.0,6.890134811401367
212.0,252.0,6.8991618156433105
212.0,252.0,6.914183616638184
211.0,252.0,6.92314600944519
209.0,252.0,6.9302754402160645
209.0,251.0,6.9381422996521
207.0,250.0,6.946225881576538
207.0,249.0,6.954191207885742
205.0,247.0,6.96220326423645
204.0,246.0,6.970249652862549
203.0,245.0,6.978334903717041
202.0,242.0,6.98620343208313
201.0,242.0,6.994202375411987
200.0,241.0,7.002206087112427
199.0,238.0,7.011303901672363
198.0,238.0,7.018290281295776
198.0,237.0,7.034430980682373
198.0,236.0,7.042298078536987
198.0,235.0,7.066432476043701
197.0,235.0,7.074298143386841
197.0,234.0,7.090292692184448
197.0,233.0,7.114332675933838
197.0,233.0,7.146467924118042
197.0,231.0,7.619354963302612
197.0,230.0,7.6264848709106445
197.0,229.0,7.642489671707153
198.0,229.0,7.650347948074341
200.0,229.0,7.658448219299316
202.0,229.0,7.666621208190918
203.0,229.0,7.674549102783203
205.0,229.0,7.682636022567749
206.0,229.0,7.690550804138184
208.0,229.0,7.698611736297607
209.0,229.0,7.706539869308472
210.0,229.0,7.714572906494141
211.0,228.0,7.730566501617432
211.0,228.0,7.746613502502441
212.0,228.0,7.762542486190796
213.0,228.0,7.7705535888671875
215.0,228.0,7.786732196807861
215.0,227.0,7.7949135303497314
216.0,227.0,7.825984001159668
217.0,227.0,7.8420798778533936
217.0,227.0,7.858015775680542
218.0,227.0,7.866024732589722
219.0,227.0,7.882347106933594
220.0,227.0,7.890219211578369
220.0,227.0,7.906582355499268
221.0,227.0,7.914625406265259
222.0,227.0,7.9225828647613525
223.0,227.0,7.930616617202759
224.0,227.0,7.962853908538818
225.0,227.0,7.978861570358276
226.0,227.0,8.002082109451294
227.0,227.0,8.01008152961731
228.0,228.0,8.018059253692627
229.0,228.0,8.042052745819092
229.0,228.0,8.050020694732666
230.0,229.0,8.066082954406738
230.0,229.0,8.290131330490112
230.0,229.0,8.299103260040283
229.0,229.0,8.306127786636353
228.0,229.0,8.32246732711792
228.0,229.0,8.33059048652649
227.0,229.0,8.33846664428711
226.0,228.0,8.346599340438843
225.0,228.0,8.354519605636597
224.0,227.0,8.362516403198242
223.0,227.0,8.370609998703003
222.0,226.0,8.378642082214355
221.0,226.0,8.386642694473267
220.0,226.0,8.394642353057861
219.0,225.0,8.402642488479614
218.0,225.0,8.417846441268921
217.0,225.0,8.426850080490112
216.0,225.0,8.434850931167603
215.0,225.0,8.458022594451904
215.0,225.0,8.473987102508545
202.0,203.0,14.48264193534851
203.0,205.0,14.49057650566101
204.0,207.0,14.498562335968018
205.0,208.0,14.506561994552612
206.0,211.0,14.514609575271606
208.0,213.0,14.52255654335022
209.0,216.0,14.530616998672485
211.0,220.0,14.538559198379517
212.0,222.0,14.54660153388977
213.0,223.0,14.55457353591919
214.0,225.0,14.5625581741333
215.0,228.0,14.570559740066528
216.0,228.0,14.578750133514404
216.0,228.0,15.08249020576477
215.0,228.0,15.090426683425903
215.0,228.0,15.09842848777771
213.0,228.0,15.106449604034424
212.0,227.0,15.1143958568573
211.0,227.0,15.122397899627686
210.0,226.0,15.130543947219849
208.0,225.0,15.138404130935669
208.0,225.0,15.146402359008789
207.0,224.0,15.154598236083984
207.0,224.0,15.162633657455444
206.0,224.0,15.17070484161377
206.0,223.0,15.17818307876587
204.0,222.0,15.187045335769653
204.0,222.0,15.19417691230774
202.0,221.0,15.202048301696777
202.0,221.0,15.218602180480957
201.0,221.0,15.226526737213135
